576.000000 698.000000 0.000115 NONE
576.000000 698.000000 0.023748 NONE
571.000000 648.000000 0.150305 NONE
571.000000 648.000000 0.165582 NONE
571.000000 648.000000 0.179216 NONE
571.000000 648.000000 0.193341 NONE
571.000000 648.000000 0.207117 NONE
571.000000 648.000000 0.221083 NONE
571.000000 648.000000 0.235415 NONE
571.000000 648.000000 0.249422 NONE
571.000000 648.000000 0.264410 NONE
571.000000 648.000000 0.278506 NONE
571.000000 648.000000 0.292542 NONE
571.000000 648.000000 0.306721 NONE
570.000000 648.000000 0.321314 NONE
567.000000 648.000000 0.335324 NONE
558.000000 645.000000 0.352016 NONE
541.000000 635.000000 0.366168 NONE
518.000000 616.000000 0.380866 NONE
493.000000 591.000000 0.394503 NONE
488.000000 585.000000 0.408172 NONE
469.000000 563.000000 0.421639 NONE
459.000000 554.000000 0.436477 NONE
454.000000 550.000000 0.451176 NONE
454.000000 550.000000 0.464620 NONE
454.000000 550.000000 0.478218 NONE
454.000000 550.000000 0.492645 NONE
454.000000 550.000000 0.506251 NONE
454.000000 550.000000 0.520909 NONE
454.000000 550.000000 0.534637 NONE
454.000000 550.000000 0.548945 NONE
454.000000 550.000000 0.562804 NONE
454.000000 550.000000 0.576383 NONE
454.000000 550.000000 0.589826 NONE
454.000000 550.000000 0.604173 NONE
454.000000 550.000000 0.618587 NONE
454.000000 550.000000 0.632744 NONE
454.000000 550.000000 0.646917 NONE
454.000000 550.000000 0.661372 NONE
454.000000 550.000000 0.675579 NONE
454.000000 550.000000 0.689523 NONE
454.000000 550.000000 0.705316 NONE
459.000000 550.000000 0.719248 NONE
474.000000 558.000000 0.734156 NONE
552.000000 595.000000 0.748465 NONE
602.000000 618.000000 0.762799 NONE
729.000000 677.000000 0.776473 NONE
828.000000 721.000000 0.790939 NONE
893.000000 753.000000 0.805483 NONE
903.000000 762.000000 0.819243 NONE
914.000000 764.000000 0.832943 NONE
914.000000 764.000000 0.847195 NONE
914.000000 764.000000 0.861248 NONE
914.000000 764.000000 0.874809 NONE
914.000000 764.000000 0.889304 NONE
914.000000 764.000000 0.903738 NONE
914.000000 764.000000 0.918010 NONE
914.000000 764.000000 0.932533 NONE
914.000000 764.000000 0.947610 NONE
914.000000 764.000000 0.961764 NONE
914.000000 764.000000 0.975795 NONE
914.000000 764.000000 0.990425 NONE
914.000000 764.000000 1.005502 NONE
915.000000 764.000000 1.019204 NONE
922.000000 765.000000 1.033666 NONE
929.000000 767.000000 1.048126 NONE
947.000000 771.000000 1.064436 NONE
971.000000 776.000000 1.078973 NONE
982.000000 779.000000 1.092644 NONE
995.000000 783.000000 1.106183 NONE
1009.000000 788.000000 1.122033 NONE
1015.000000 791.000000 1.136850 NONE
1020.000000 795.000000 1.151211 NONE
1020.000000 795.000000 1.165109 NONE
1020.000000 795.000000 1.178829 NONE
1020.000000 795.000000 1.192358 NONE
1020.000000 795.000000 1.206146 NONE
1020.000000 795.000000 1.221720 NONE
1020.000000 795.000000 1.236072 NONE
1020.000000 795.000000 1.250358 NONE
1020.000000 795.000000 1.265108 NONE
1020.000000 795.000000 1.279541 NONE
1020.000000 795.000000 1.294332 NONE
1020.000000 795.000000 1.308969 NONE
1020.000000 795.000000 1.323037 NONE
1020.000000 795.000000 1.336942 NONE
1020.000000 795.000000 1.351172 NONE
1020.000000 795.000000 1.365891 NONE
1020.000000 795.000000 1.380999 NONE
1020.000000 795.000000 1.395141 NONE
1020.000000 795.000000 1.409527 NONE
1020.000000 795.000000 1.423339 NONE
1020.000000 795.000000 1.437567 NONE
1020.000000 795.000000 1.452013 NONE
1020.000000 795.000000 1.466312 NONE
1020.000000 795.000000 1.481009 NONE
1020.000000 795.000000 1.495165 NONE
1020.000000 795.000000 1.509558 NONE
1020.000000 795.000000 1.523879 NONE
1020.000000 795.000000 1.538393 NONE
1020.000000 795.000000 1.552995 NONE
1020.000000 795.000000 1.567514 NONE
1020.000000 795.000000 1.582743 NONE
1020.000000 795.000000 1.597230 NONE
1020.000000 795.000000 1.612338 NONE
1020.000000 795.000000 1.626411 NONE
1019.000000 795.000000 1.640686 NONE
1015.000000 795.000000 1.655312 NONE
1009.000000 795.000000 1.669536 NONE
1006.000000 795.000000 1.684487 NONE
995.000000 794.000000 1.698778 NONE
989.000000 794.000000 1.712066 NONE
982.000000 794.000000 1.725308 NONE
976.000000 793.000000 1.739202 NONE
976.000000 793.000000 1.754461 NONE
976.000000 793.000000 1.768970 NONE
976.000000 793.000000 1.783583 NONE
976.000000 793.000000 1.797898 NONE
976.000000 793.000000 1.813084 NONE
976.000000 793.000000 1.827576 NONE
976.000000 793.000000 1.841642 NONE
976.000000 793.000000 1.855797 NONE
976.000000 793.000000 1.870218 NONE
976.000000 793.000000 1.884417 NONE
976.000000 793.000000 1.898941 NONE
976.000000 793.000000 1.914170 NONE
976.000000 793.000000 1.929278 NONE
976.000000 793.000000 2.109601 NONE
976.000000 793.000000 2.128704 NONE
976.000000 793.000000 2.142404 NONE
976.000000 793.000000 2.162917 NONE
976.000000 793.000000 2.179857 NONE
976.000000 793.000000 2.195871 NONE
976.000000 793.000000 2.212840 NONE
976.000000 793.000000 2.229949 NONE
976.000000 793.000000 2.246159 NONE
976.000000 793.000000 2.263045 NONE
976.000000 793.000000 2.279556 NONE
976.000000 793.000000 2.297078 NONE
976.000000 793.000000 2.312695 NONE
976.000000 793.000000 2.329375 NONE
976.000000 793.000000 2.346001 NONE
976.000000 793.000000 2.358836 NONE
976.000000 793.000000 2.379035 NONE
976.000000 793.000000 2.396135 NONE
976.000000 793.000000 2.413130 NONE
976.000000 793.000000 2.429556 NONE
976.000000 793.000000 2.446435 NONE
975.000000 793.000000 2.463671 NONE
960.000000 785.000000 2.481910 NONE
934.000000 767.000000 2.496713 NONE
861.000000 706.000000 2.516724 NONE
705.000000 567.000000 2.531111 NONE
556.000000 431.000000 2.546797 NONE
466.000000 339.000000 2.563626 NONE
428.000000 300.000000 2.582025 NONE
383.000000 257.000000 2.596516 NONE
359.000000 234.000000 2.612824 NONE
347.000000 223.000000 2.629213 NONE
339.000000 216.000000 2.646511 NONE
339.000000 216.000000 2.660939 NONE
339.000000 216.000000 2.679734 NONE
339.000000 216.000000 2.695308 NONE
339.000000 216.000000 2.710219 NONE
339.000000 216.000000 2.725949 NONE
339.000000 216.000000 2.744847 NONE
339.000000 216.000000 2.760301 NONE
339.000000 216.000000 2.778159 NONE
339.000000 216.000000 2.794865 NONE
339.000000 216.000000 2.810065 NONE
339.000000 216.000000 2.825950 NONE
335.000000 216.000000 2.848459 NONE
323.000000 217.000000 2.863610 NONE
316.000000 219.000000 2.879469 NONE
294.000000 223.000000 2.895955 NONE
252.000000 232.000000 2.914245 NONE
223.000000 238.000000 2.930244 NONE
207.000000 241.000000 2.947708 NONE
191.000000 243.000000 2.963251 NONE
178.000000 244.000000 2.980493 NONE
170.000000 244.000000 2.997805 NONE
165.000000 244.000000 3.013596 NONE
161.000000 243.000000 3.031016 NONE
159.000000 242.000000 3.047345 NONE
158.000000 242.000000 3.063326 NONE
157.000000 242.000000 3.078612 NONE
157.000000 242.000000 3.096808 NONE
157.000000 242.000000 3.113092 NONE
157.000000 242.000000 3.129454 NONE
157.000000 242.000000 3.147373 NONE
158.000000 242.000000 3.163473 NONE
158.000000 242.000000 3.180555 NONE
159.000000 243.000000 3.197113 NONE
159.000000 243.000000 3.214209 NONE
159.000000 243.000000 3.229693 NONE
159.000000 243.000000 3.246660 NONE
159.000000 243.000000 3.262307 NONE
159.000000 243.000000 3.279744 NONE
159.000000 243.000000 3.296899 NONE
159.000000 243.000000 3.313617 NONE
159.000000 243.000000 3.330874 NONE
159.000000 243.000000 3.347232 NONE
159.000000 243.000000 3.362968 NONE
159.000000 243.000000 3.380280 NONE
159.000000 243.000000 3.397117 NONE
159.000000 243.000000 3.413422 NONE
159.000000 243.000000 3.429805 NONE
159.000000 243.000000 3.447064 NONE
159.000000 243.000000 3.463301 NONE
159.000000 243.000000 3.479239 NONE
159.000000 243.000000 3.497056 NONE
159.000000 243.000000 3.513645 NONE
159.000000 243.000000 3.529517 NONE
159.000000 243.000000 3.546980 NONE
159.000000 243.000000 3.563585 NONE
159.000000 243.000000 3.580250 NONE
159.000000 243.000000 3.596912 NONE
159.000000 243.000000 3.613227 NONE
159.000000 243.000000 3.630400 NONE
159.000000 243.000000 3.646595 NONE
159.000000 243.000000 3.663712 NONE
159.000000 243.000000 3.679965 NONE
159.000000 243.000000 3.696960 NONE
159.000000 243.000000 3.713727 NONE
159.000000 243.000000 3.730041 NONE
159.000000 243.000000 3.747015 NONE
159.000000 243.000000 3.763151 NONE
159.000000 243.000000 3.780351 NONE
159.000000 243.000000 3.796222 NONE
159.000000 243.000000 3.813611 NONE
159.000000 243.000000 3.830152 NONE
159.000000 243.000000 3.846749 NONE
159.000000 243.000000 3.863280 NONE
159.000000 243.000000 3.880632 NONE
159.000000 243.000000 3.896957 NONE
159.000000 243.000000 3.913101 NONE
159.000000 243.000000 3.930519 NONE
159.000000 243.000000 3.946454 NONE
159.000000 243.000000 3.962999 NONE
159.000000 243.000000 3.979017 NONE
159.000000 243.000000 3.996189 NONE
159.000000 243.000000 4.009535 NONE
159.000000 243.000000 4.030297 NONE
159.000000 243.000000 4.047538 NONE
159.000000 243.000000 4.062628 NONE
159.000000 243.000000 4.080438 NONE
159.000000 243.000000 4.096300 NONE
159.000000 243.000000 4.112765 NONE
159.000000 243.000000 4.130123 NONE
159.000000 243.000000 4.146817 NONE
159.000000 243.000000 4.163101 NONE
159.000000 243.000000 4.180623 NONE
159.000000 243.000000 4.196485 NONE
159.000000 243.000000 4.213220 NONE
159.000000 243.000000 4.229897 NONE
159.000000 243.000000 4.247883 NONE
159.000000 243.000000 4.263337 NONE
159.000000 243.000000 4.280486 NONE
159.000000 243.000000 4.297863 NONE
159.000000 243.000000 4.313393 NONE
159.000000 243.000000 4.330328 NONE
159.000000 243.000000 4.346635 NONE
159.000000 243.000000 4.363890 NONE
159.000000 243.000000 4.379996 NONE
159.000000 243.000000 4.397424 NONE
159.000000 243.000000 4.413395 NONE
159.000000 243.000000 4.429826 NONE
159.000000 243.000000 4.446251 NONE
159.000000 243.000000 4.463475 NONE
159.000000 243.000000 4.479696 NONE
159.000000 243.000000 4.496979 NONE
159.000000 243.000000 4.513431 NONE
159.000000 243.000000 4.530340 NONE
159.000000 243.000000 4.546766 NONE
159.000000 243.000000 4.562866 NONE
159.000000 243.000000 4.579410 NONE
159.000000 243.000000 4.596176 NONE
159.000000 243.000000 4.613719 NONE
159.000000 243.000000 4.629901 NONE
159.000000 243.000000 4.646846 NONE
159.000000 243.000000 4.664257 NONE
159.000000 243.000000 4.679698 NONE
159.000000 243.000000 4.697910 NONE
159.000000 243.000000 4.712982 NONE
159.000000 243.000000 4.730600 NONE
159.000000 243.000000 4.746825 NONE
159.000000 243.000000 4.763630 NONE
159.000000 243.000000 4.780204 NONE
159.000000 243.000000 4.796703 NONE
159.000000 243.000000 4.813851 NONE
159.000000 243.000000 4.829935 NONE
159.000000 243.000000 4.846909 NONE
159.000000 243.000000 4.863260 NONE
159.000000 243.000000 4.880913 NONE
159.000000 243.000000 4.897287 NONE
159.000000 243.000000 4.913687 NONE
159.000000 243.000000 4.930541 NONE
159.000000 243.000000 4.947110 NONE
159.000000 243.000000 4.963280 NONE
159.000000 243.000000 4.980664 NONE
159.000000 243.000000 4.997144 NONE
159.000000 243.000000 5.014370 NONE
159.000000 243.000000 5.030540 NONE
159.000000 243.000000 5.046721 NONE
159.000000 243.000000 5.064270 NONE
159.000000 243.000000 5.079888 NONE
159.000000 243.000000 5.096385 NONE
159.000000 243.000000 5.114292 NONE
159.000000 243.000000 5.130418 NONE
159.000000 243.000000 5.146966 NONE
159.000000 243.000000 5.163856 NONE
159.000000 243.000000 5.180310 NONE
159.000000 243.000000 5.197010 NONE
159.000000 243.000000 5.213718 NONE
159.000000 243.000000 5.230259 NONE
159.000000 243.000000 5.246983 NONE
159.000000 243.000000 5.263740 NONE
159.000000 243.000000 5.280262 NONE
159.000000 243.000000 5.297041 NONE
159.000000 243.000000 5.313957 NONE
159.000000 243.000000 5.330261 NONE
159.000000 243.000000 5.346772 NONE
159.000000 243.000000 5.364244 NONE
159.000000 243.000000 5.379921 NONE
159.000000 243.000000 5.397379 NONE
159.000000 243.000000 5.413665 NONE
159.000000 243.000000 5.430232 NONE
159.000000 243.000000 5.447448 NONE
159.000000 243.000000 5.464033 NONE
159.000000 243.000000 5.480107 NONE
159.000000 243.000000 5.498305 NONE
159.000000 243.000000 5.513070 NONE
159.000000 243.000000 5.530448 NONE
159.000000 243.000000 5.546916 NONE
159.000000 243.000000 5.563211 NONE
159.000000 243.000000 5.578850 NONE
159.000000 243.000000 5.597058 NONE
159.000000 243.000000 5.613388 NONE
159.000000 243.000000 5.630091 NONE
159.000000 243.000000 5.647540 NONE
159.000000 243.000000 5.663636 NONE
159.000000 243.000000 5.680134 NONE
159.000000 243.000000 5.694245 NONE
159.000000 243.000000 5.711022 NONE
159.000000 243.000000 5.731151 NONE
159.000000 243.000000 5.746741 NONE
159.000000 243.000000 5.764021 NONE
159.000000 243.000000 5.779819 NONE
159.000000 243.000000 5.797378 NONE
159.000000 243.000000 5.814033 NONE
159.000000 243.000000 5.830253 NONE
159.000000 243.000000 5.847110 NONE
159.000000 243.000000 5.863631 NONE
159.000000 243.000000 5.880522 NONE
159.000000 243.000000 5.897340 NONE
159.000000 243.000000 5.913510 NONE
159.000000 243.000000 5.930986 NONE
159.000000 243.000000 5.946956 NONE
159.000000 243.000000 5.964506 NONE
159.000000 243.000000 5.980770 NONE
159.000000 243.000000 5.997293 NONE
159.000000 243.000000 6.013893 NONE
159.000000 243.000000 6.030438 NONE
159.000000 243.000000 6.047046 NONE
159.000000 243.000000 6.064646 NONE
159.000000 243.000000 6.080185 NONE
159.000000 243.000000 6.097056 NONE
159.000000 243.000000 6.114101 NONE
159.000000 243.000000 6.129949 NONE
159.000000 243.000000 6.146882 NONE
159.000000 243.000000 6.164704 NONE
159.000000 243.000000 6.180085 NONE
159.000000 243.000000 6.196885 NONE
159.000000 243.000000 6.213135 NONE
159.000000 243.000000 6.230607 NONE
159.000000 243.000000 6.247399 NONE
159.000000 243.000000 6.263498 NONE
159.000000 243.000000 6.280773 NONE
159.000000 243.000000 6.298057 NONE
159.000000 243.000000 6.314552 NONE
159.000000 243.000000 6.330718 NONE
159.000000 243.000000 6.346754 NONE
159.000000 243.000000 6.363919 NONE
159.000000 243.000000 6.380384 NONE
159.000000 243.000000 6.397254 NONE
159.000000 243.000000 6.413820 NONE
159.000000 243.000000 6.430708 NONE
159.000000 243.000000 6.447230 NONE
159.000000 243.000000 6.463114 NONE
159.000000 243.000000 6.480343 NONE
159.000000 243.000000 6.498370 NONE
159.000000 243.000000 6.514049 NONE
159.000000 243.000000 6.530534 NONE
159.000000 243.000000 6.547576 NONE
159.000000 243.000000 6.563879 NONE
159.000000 243.000000 6.580381 NONE
159.000000 243.000000 6.596496 NONE
159.000000 243.000000 6.613868 NONE
159.000000 243.000000 6.630436 NONE
159.000000 243.000000 6.648054 NONE
159.000000 243.000000 6.663658 NONE
159.000000 243.000000 6.680678 NONE
159.000000 243.000000 6.696930 C
159.000000 243.000000 6.713440 NONE
159.000000 243.000000 6.730673 NONE
159.000000 243.000000 6.747503 NONE
159.000000 243.000000 6.764161 NONE
159.000000 243.000000 6.780506 NONE
159.000000 243.000000 6.797605 NONE
159.000000 243.000000 6.813965 NONE
159.000000 243.000000 6.831304 NONE
159.000000 243.000000 6.846755 NONE
159.000000 243.000000 6.862996 NONE
159.000000 243.000000 6.879980 NONE
159.000000 243.000000 6.897274 NONE
159.000000 243.000000 6.913801 NONE
159.000000 243.000000 6.929842 NONE
159.000000 243.000000 6.947086 NONE
159.000000 243.000000 6.968195 NONE
159.000000 243.000000 6.982491 NONE
159.000000 243.000000 6.997671 NONE
159.000000 243.000000 7.013995 NONE
159.000000 243.000000 7.031481 NONE
159.000000 243.000000 7.047218 NONE
159.000000 243.000000 7.064051 NONE
159.000000 243.000000 7.080244 NONE
159.000000 243.000000 7.097480 NONE
159.000000 243.000000 7.113536 NONE
159.000000 243.000000 7.131253 NONE
159.000000 243.000000 7.147047 NONE
159.000000 243.000000 7.163225 NONE
159.000000 243.000000 7.180191 NONE
159.000000 243.000000 7.197663 NONE
159.000000 243.000000 7.214795 NONE
159.000000 243.000000 7.230273 NONE
159.000000 243.000000 7.247485 NONE
159.000000 243.000000 7.264038 NONE
159.000000 243.000000 7.281266 NONE
159.000000 243.000000 7.297625 NONE
159.000000 243.000000 7.313423 NONE
159.000000 243.000000 7.330853 NONE
159.000000 243.000000 7.346957 NONE
159.000000 243.000000 7.364181 NONE
159.000000 243.000000 7.381724 NONE
159.000000 243.000000 7.397151 NONE
159.000000 243.000000 7.414712 NONE
159.000000 243.000000 7.430877 NONE
159.000000 243.000000 7.448119 NONE
159.000000 243.000000 7.463910 NONE
159.000000 243.000000 7.480988 NONE
159.000000 243.000000 7.497143 NONE
159.000000 243.000000 7.514089 NONE
159.000000 243.000000 7.531127 NONE
159.000000 243.000000 7.548421 NONE
159.000000 243.000000 7.564864 NONE
159.000000 243.000000 7.581238 NONE
159.000000 243.000000 7.597110 NONE
159.000000 243.000000 7.614258 C
159.000000 243.000000 7.631465 NONE
159.000000 243.000000 7.646911 NONE
159.000000 243.000000 7.664956 NONE
159.000000 243.000000 7.680066 NONE
159.000000 243.000000 7.697443 NONE
159.000000 243.000000 7.714008 NONE
159.000000 243.000000 7.731134 NONE
159.000000 243.000000 7.747516 NONE
159.000000 243.000000 7.764812 NONE
159.000000 243.000000 7.780244 NONE
159.000000 243.000000 7.797794 NONE
159.000000 243.000000 7.813467 NONE
159.000000 243.000000 7.830822 NONE
159.000000 243.000000 7.846476 NONE
159.000000 243.000000 7.863888 NONE
159.000000 243.000000 7.879784 NONE
163.000000 243.000000 7.897170 NONE
171.000000 243.000000 7.913585 NONE
182.000000 242.000000 7.931144 NONE
194.000000 242.000000 7.947120 NONE
210.000000 241.000000 7.964357 NONE
217.000000 241.000000 7.981669 NONE
220.000000 241.000000 7.997405 NONE
220.000000 241.000000 8.013271 NONE
220.000000 241.000000 8.030545 NONE
220.000000 241.000000 8.047823 NONE
220.000000 241.000000 8.064285 NONE
220.000000 241.000000 8.080052 NONE
220.000000 241.000000 8.097455 NONE
220.000000 241.000000 8.114137 NONE
220.000000 241.000000 8.130214 NONE
220.000000 241.000000 8.147061 G
220.000000 241.000000 8.165194 NONE
220.000000 241.000000 8.180570 NONE
220.000000 241.000000 8.196966 NONE
220.000000 241.000000 8.213988 NONE
220.000000 241.000000 8.231186 NONE
220.000000 241.000000 8.247015 NONE
220.000000 241.000000 8.263448 NONE
220.000000 241.000000 8.280929 NONE
220.000000 241.000000 8.296984 NONE
220.000000 241.000000 8.313086 NONE
220.000000 241.000000 8.330688 NONE
220.000000 241.000000 8.347049 NONE
221.000000 241.000000 8.363047 NONE
228.000000 243.000000 8.381237 NONE
243.000000 250.000000 8.397565 NONE
270.000000 263.000000 8.414342 NONE
302.000000 283.000000 8.431531 NONE
333.000000 308.000000 8.447237 NONE
349.000000 325.000000 8.464375 NONE
359.000000 338.000000 8.480908 NONE
367.000000 352.000000 8.496943 NONE
367.000000 352.000000 8.514212 NONE
367.000000 352.000000 8.530796 NONE
367.000000 352.000000 8.547279 NONE
367.000000 352.000000 8.564454 NONE
367.000000 352.000000 8.581743 NONE
367.000000 352.000000 8.597223 NONE
367.000000 352.000000 8.614122 NONE
367.000000 352.000000 8.631060 NONE
367.000000 352.000000 8.647677 NONE
367.000000 352.000000 8.663666 NONE
367.000000 352.000000 8.677112 M
367.000000 352.000000 8.698993 NONE
367.000000 352.000000 8.713060 NONE
367.000000 352.000000 8.731132 NONE
367.000000 352.000000 8.747162 NONE
367.000000 352.000000 8.764471 NONE
367.000000 352.000000 8.781076 NONE
367.000000 352.000000 8.797780 NONE
367.000000 352.000000 8.814244 NONE
367.000000 352.000000 8.830882 NONE
367.000000 352.000000 8.847406 NONE
367.000000 352.000000 8.864167 NONE
367.000000 352.000000 8.881024 NONE
367.000000 352.000000 8.897879 NONE
367.000000 357.000000 8.914374 NONE
369.000000 372.000000 8.930217 NONE
374.000000 396.000000 8.947563 NONE
376.000000 407.000000 8.963653 NONE
379.000000 421.000000 8.981041 NONE
380.000000 431.000000 8.997340 NONE
381.000000 436.000000 9.014210 NONE
381.000000 436.000000 9.030242 NONE
381.000000 436.000000 9.048244 NONE
381.000000 436.000000 9.064673 NONE
381.000000 436.000000 9.081074 NONE
381.000000 436.000000 9.097360 NONE
381.000000 436.000000 9.113299 NONE
381.000000 436.000000 9.131110 NONE
381.000000 436.000000 9.147277 NONE
381.000000 436.000000 9.164354 NONE
381.000000 436.000000 9.180932 DEL
381.000000 436.000000 9.198751 NONE
381.000000 436.000000 9.214126 NONE
381.000000 436.000000 9.230230 NONE
381.000000 436.000000 9.246946 NONE
381.000000 436.000000 9.264199 NONE
381.000000 436.000000 9.280164 NONE
381.000000 436.000000 9.297375 NONE
381.000000 436.000000 9.314169 NONE
381.000000 436.000000 9.330516 NONE
381.000000 436.000000 9.348492 NONE
381.000000 436.000000 9.364137 NONE
381.000000 436.000000 9.380731 NONE
381.000000 436.000000 9.397048 NONE
381.000000 436.000000 9.414032 NONE
381.000000 436.000000 9.431421 NONE
381.000000 436.000000 9.446970 NONE
381.000000 436.000000 9.464257 NONE
381.000000 436.000000 9.481209 NONE
381.000000 436.000000 9.497605 NONE
381.000000 436.000000 9.513890 NONE
381.000000 436.000000 9.531174 NONE
381.000000 436.000000 9.546845 NONE
381.000000 436.000000 9.564795 NONE
381.000000 436.000000 9.580979 NONE
381.000000 436.000000 9.597173 NONE
381.000000 436.000000 9.615243 NONE
381.000000 436.000000 9.630259 NONE
381.000000 436.000000 9.647630 NONE
381.000000 436.000000 9.664967 NONE
381.000000 436.000000 9.681156 NONE
381.000000 436.000000 9.697819 NONE
381.000000 436.000000 9.713962 NONE
381.000000 436.000000 9.731254 NONE
381.000000 436.000000 9.747683 DEL
381.000000 436.000000 9.764822 NONE
381.000000 436.000000 9.781105 NONE
381.000000 436.000000 9.797795 NONE
381.000000 436.000000 9.813335 NONE
381.000000 436.000000 9.830984 NONE
381.000000 436.000000 9.847637 NONE
381.000000 436.000000 9.864123 NONE
381.000000 436.000000 9.881299 NONE
381.000000 436.000000 9.898183 NONE
381.000000 436.000000 9.914115 NONE
381.000000 436.000000 9.930874 NONE
381.000000 436.000000 9.947862 NONE
381.000000 436.000000 9.963710 DEL
381.000000 436.000000 9.980107 NONE
381.000000 436.000000 9.997617 NONE
381.000000 436.000000 10.014711 NONE
381.000000 436.000000 10.030855 NONE
381.000000 436.000000 10.048591 NONE
381.000000 436.000000 10.065031 NONE
381.000000 436.000000 10.080918 NONE
381.000000 436.000000 10.097952 NONE
381.000000 436.000000 10.114248 NONE
381.000000 436.000000 10.131041 NONE
381.000000 436.000000 10.148639 DEL
381.000000 436.000000 10.163389 NONE
381.000000 436.000000 10.180849 NONE
381.000000 436.000000 10.197831 NONE
381.000000 436.000000 10.214388 NONE
381.000000 436.000000 10.230838 NONE
381.000000 436.000000 10.247318 NONE
381.000000 436.000000 10.264952 NONE
381.000000 436.000000 10.281085 NONE
381.000000 436.000000 10.298025 NONE
381.000000 436.000000 10.314407 NONE
381.000000 436.000000 10.330984 DEL
381.000000 436.000000 10.349367 NONE
381.000000 436.000000 10.364477 NONE
381.000000 436.000000 10.380872 NONE
381.000000 436.000000 10.397344 NONE
381.000000 436.000000 10.414544 NONE
381.000000 436.000000 10.431271 NONE
381.000000 436.000000 10.448508 NONE
381.000000 436.000000 10.464109 NONE
381.000000 436.000000 10.481143 NONE
381.000000 436.000000 10.497093 NONE
381.000000 436.000000 10.514391 NONE
381.000000 436.000000 10.530872 NONE
381.000000 436.000000 10.547477 NONE
381.000000 436.000000 10.564683 NONE
381.000000 436.000000 10.581080 NONE
381.000000 436.000000 10.598254 NONE
381.000000 436.000000 10.614720 NONE
381.000000 436.000000 10.630842 NONE
385.000000 436.000000 10.647256 NONE
403.000000 436.000000 10.665570 NONE
409.000000 436.000000 10.680355 NONE
446.000000 436.000000 10.698371 NONE
463.000000 436.000000 10.714843 NONE
471.000000 436.000000 10.730218 NONE
471.000000 436.000000 10.747823 NONE
471.000000 436.000000 10.764588 NONE
471.000000 436.000000 10.781047 NONE
471.000000 436.000000 10.797871 NONE
471.000000 436.000000 10.813954 NONE
471.000000 436.000000 10.830702 NONE
471.000000 436.000000 10.847279 NONE
471.000000 436.000000 10.864581 NONE
471.000000 436.000000 10.881063 NONE
471.000000 436.000000 10.898385 SP
471.000000 436.000000 10.914944 NONE
471.000000 436.000000 10.930542 NONE
471.000000 436.000000 10.947681 NONE
471.000000 436.000000 10.964569 NONE
471.000000 436.000000 10.981041 NONE
471.000000 436.000000 10.998564 NONE
471.000000 436.000000 11.014114 NONE
471.000000 436.000000 11.031552 NONE
471.000000 436.000000 11.047933 NONE
471.000000 436.000000 11.063701 NONE
471.000000 436.000000 11.081530 NONE
471.000000 436.000000 11.097549 NONE
471.000000 436.000000 11.115011 NONE
465.000000 438.000000 11.131417 NONE
455.000000 442.000000 11.148530 NONE
438.000000 448.000000 11.165464 NONE
417.000000 456.000000 11.181286 NONE
396.000000 464.000000 11.197009 NONE
386.000000 468.000000 11.210680 NONE
367.000000 474.000000 11.231313 NONE
367.000000 474.000000 11.247779 NONE
367.000000 474.000000 11.264519 NONE
367.000000 474.000000 11.281293 NONE
367.000000 474.000000 11.298256 NONE
367.000000 474.000000 11.314503 NONE
367.000000 474.000000 11.330837 NONE
367.000000 474.000000 11.348555 NONE
367.000000 474.000000 11.364349 NONE
367.000000 474.000000 11.380902 DEL
367.000000 474.000000 11.397865 NONE
367.000000 474.000000 11.414507 NONE
367.000000 474.000000 11.430920 NONE
367.000000 474.000000 11.447957 NONE
367.000000 474.000000 11.464405 NONE
367.000000 474.000000 11.481418 NONE
367.000000 474.000000 11.498072 NONE
367.000000 474.000000 11.514461 NONE
367.000000 474.000000 11.530751 NONE
367.000000 474.000000 11.548247 NONE
367.000000 474.000000 11.564188 NONE
367.000000 474.000000 11.580785 NONE
361.000000 474.000000 11.597204 NONE
350.000000 474.000000 11.614338 NONE
325.000000 474.000000 11.631878 NONE
295.000000 473.000000 11.647752 NONE
265.000000 472.000000 11.664857 NONE
247.000000 469.000000 11.679936 NONE
236.000000 468.000000 11.697894 NONE
236.000000 468.000000 11.714308 NONE
236.000000 468.000000 11.731771 NONE
236.000000 468.000000 11.748064 NONE
236.000000 468.000000 11.764394 NONE
236.000000 468.000000 11.781295 NONE
236.000000 468.000000 11.797997 NONE
236.000000 468.000000 11.814527 NONE
236.000000 468.000000 11.831152 NONE
236.000000 468.000000 11.847801 R
236.000000 468.000000 11.865920 NONE
236.000000 468.000000 11.880622 NONE
236.000000 468.000000 11.898398 NONE
236.000000 468.000000 11.914291 NONE
236.000000 468.000000 11.931132 NONE
236.000000 468.000000 11.947182 NONE
236.000000 468.000000 11.965285 NONE
236.000000 468.000000 11.981614 NONE
236.000000 468.000000 11.998065 NONE
236.000000 468.000000 12.014897 NONE
236.000000 468.000000 12.031389 NONE
236.000000 468.000000 12.047618 NONE
236.000000 468.000000 12.064106 NONE
227.000000 478.000000 12.082165 NONE
220.000000 486.000000 12.098180 NONE
208.000000 495.000000 12.115172 NONE
198.000000 503.000000 12.130947 NONE
186.000000 512.000000 12.148721 NONE
175.000000 518.000000 12.165050 NONE
175.000000 518.000000 12.181427 NONE
175.000000 518.000000 12.198114 NONE
175.000000 518.000000 12.214762 NONE
175.000000 518.000000 12.231158 NONE
175.000000 518.000000 12.248117 NONE
175.000000 518.000000 12.264029 NONE
175.000000 518.000000 12.281567 NONE
175.000000 518.000000 12.297661 NONE
175.000000 518.000000 12.315031 NONE
175.000000 518.000000 12.330406 F
175.000000 518.000000 12.348582 NONE
175.000000 518.000000 12.364428 NONE
175.000000 518.000000 12.380949 NONE
175.000000 518.000000 12.397295 NONE
175.000000 518.000000 12.415288 NONE
175.000000 518.000000 12.431214 NONE
175.000000 518.000000 12.447748 NONE
175.000000 518.000000 12.464934 NONE
175.000000 518.000000 12.481147 NONE
175.000000 518.000000 12.498128 NONE
175.000000 518.000000 12.514875 NONE
175.000000 518.000000 12.531215 NONE
173.000000 518.000000 12.548456 NONE
167.000000 515.000000 12.565381 NONE
152.000000 506.000000 12.582717 NONE
140.000000 500.000000 12.598557 NONE
140.000000 500.000000 12.614893 NONE
140.000000 500.000000 12.631359 NONE
140.000000 500.000000 12.648404 NONE
140.000000 500.000000 12.664841 NONE
140.000000 500.000000 12.681474 NONE
140.000000 500.000000 12.698242 NONE
140.000000 500.000000 12.714845 NONE
140.000000 500.000000 12.732055 NONE
140.000000 500.000000 12.748688 NONE
140.000000 500.000000 12.764979 NONE
140.000000 500.000000 12.781436 NONE
140.000000 500.000000 12.798355 NONE
140.000000 500.000000 12.815890 NONE
140.000000 500.000000 12.831195 NONE
140.000000 500.000000 12.847543 NONE
140.000000 500.000000 12.864159 NONE
140.000000 500.000000 12.880888 NONE
140.000000 500.000000 12.898825 NONE
140.000000 500.000000 12.915202 NONE
140.000000 500.000000 12.931578 NONE
140.000000 500.000000 12.947353 NONE
140.000000 500.000000 12.965671 NONE
140.000000 500.000000 12.980446 NONE
140.000000 500.000000 12.997736 NONE
140.000000 500.000000 13.013708 NONE
140.000000 500.000000 13.031202 NONE
140.000000 500.000000 13.048544 NONE
140.000000 500.000000 13.064444 NONE
140.000000 500.000000 13.080908 NONE
135.000000 500.000000 13.097683 NONE
130.000000 499.000000 13.113882 NONE
119.000000 499.000000 13.131490 NONE
111.000000 499.000000 13.147776 NONE
104.000000 499.000000 13.164895 NONE
104.000000 499.000000 13.181864 NONE
104.000000 499.000000 13.198216 NONE
104.000000 499.000000 13.214463 NONE
104.000000 499.000000 13.232584 NONE
104.000000 499.000000 13.247222 NONE
104.000000 499.000000 13.265441 NONE
104.000000 499.000000 13.280810 NONE
104.000000 499.000000 13.298019 NONE
104.000000 499.000000 13.314344 NONE
104.000000 499.000000 13.331353 B
104.000000 499.000000 13.348252 NONE
104.000000 499.000000 13.364422 NONE
104.000000 499.000000 13.381871 NONE
104.000000 499.000000 13.397750 NONE
104.000000 499.000000 13.411676 NONE
104.000000 499.000000 13.431923 NONE
104.000000 499.000000 13.448415 NONE
104.000000 499.000000 13.464313 NONE
104.000000 499.000000 13.480870 NONE
104.000000 499.000000 13.498391 NONE
104.000000 499.000000 13.514339 NONE
104.000000 499.000000 13.531706 NONE
104.000000 498.000000 13.548273 NONE
104.000000 489.000000 13.563989 NONE
104.000000 474.000000 13.581465 NONE
104.000000 460.000000 13.597473 NONE
103.000000 455.000000 13.614672 NONE
103.000000 455.000000 13.631470 NONE
103.000000 455.000000 13.648355 NONE
103.000000 455.000000 13.664121 NONE
103.000000 455.000000 13.681021 NONE
103.000000 455.000000 13.699028 NONE
103.000000 455.000000 13.714604 NONE
103.000000 455.000000 13.731496 NONE
103.000000 455.000000 13.748117 NONE
103.000000 455.000000 13.765048 NONE
103.000000 455.000000 13.781399 U
103.000000 455.000000 13.797367 NONE
103.000000 455.000000 13.814955 NONE
103.000000 455.000000 13.832133 NONE
103.000000 455.000000 13.848162 NONE
103.000000 455.000000 13.864725 NONE
103.000000 455.000000 13.881059 NONE
103.000000 455.000000 13.898030 NONE
103.000000 455.000000 13.914499 NONE
103.000000 453.000000 13.931182 NONE
104.000000 436.000000 13.948867 NONE
105.000000 430.000000 13.964119 NONE
107.000000 415.000000 13.981403 NONE
109.000000 402.000000 13.999124 NONE
111.000000 392.000000 14.014965 NONE
111.000000 392.000000 14.031391 NONE
111.000000 392.000000 14.048348 NONE
111.000000 392.000000 14.064482 NONE
111.000000 392.000000 14.081308 NONE
111.000000 392.000000 14.098442 NONE
111.000000 392.000000 14.114482 NONE
111.000000 392.000000 14.130862 NONE
111.000000 392.000000 14.147935 NONE
111.000000 392.000000 14.165260 NONE
111.000000 392.000000 14.181333 T
111.000000 392.000000 14.199527 NONE
111.000000 392.000000 14.214555 NONE
111.000000 392.000000 14.232388 NONE
111.000000 392.000000 14.247345 NONE
111.000000 392.000000 14.265396 NONE
111.000000 392.000000 14.280933 NONE
111.000000 392.000000 14.298527 NONE
111.000000 392.000000 14.314116 NONE
111.000000 392.000000 14.332018 NONE
111.000000 392.000000 14.347874 NONE
111.000000 392.000000 14.364745 NONE
104.000000 392.000000 14.380998 NONE
92.000000 391.000000 14.399330 NONE
78.000000 388.000000 14.415368 NONE
61.000000 384.000000 14.431196 NONE
43.000000 377.000000 14.449521 NONE
31.000000 372.000000 14.464923 NONE
31.000000 372.000000 14.481757 NONE
31.000000 372.000000 14.498358 NONE
31.000000 372.000000 14.514775 NONE
31.000000 372.000000 14.531142 NONE
31.000000 372.000000 14.548719 NONE
31.000000 372.000000 14.564349 NONE
31.000000 372.000000 14.580693 NONE
31.000000 372.000000 14.598162 NONE
31.000000 372.000000 14.614334 NONE
31.000000 372.000000 14.632363 W
31.000000 372.000000 14.648840 NONE
31.000000 372.000000 14.664304 NONE
31.000000 372.000000 14.681767 NONE
31.000000 372.000000 14.698314 NONE
31.000000 372.000000 14.714809 NONE
31.000000 372.000000 14.730970 NONE
31.000000 372.000000 14.748460 NONE
31.000000 372.000000 14.764876 NONE
31.000000 372.000000 14.780664 NONE
31.000000 372.000000 14.798522 NONE
31.000000 381.000000 14.813793 NONE
33.000000 397.000000 14.831357 NONE
35.000000 410.000000 14.849314 NONE
37.000000 423.000000 14.864949 NONE
39.000000 441.000000 14.882229 NONE
41.000000 455.000000 14.898370 NONE
42.000000 462.000000 14.915021 NONE
42.000000 462.000000 14.930802 NONE
42.000000 462.000000 14.947701 NONE
42.000000 462.000000 14.964327 NONE
42.000000 462.000000 14.981599 NONE
42.000000 462.000000 14.997799 NONE
42.000000 462.000000 15.015701 NONE
42.000000 462.000000 15.030531 NONE
42.000000 462.000000 15.049617 NONE
42.000000 462.000000 15.064597 NONE
42.000000 462.000000 15.081765 SP
42.000000 462.000000 15.099687 NONE
42.000000 462.000000 15.114931 NONE
42.000000 462.000000 15.131649 NONE
42.000000 462.000000 15.148650 NONE
42.000000 462.000000 15.165213 NONE
42.000000 462.000000 15.181547 NONE
42.000000 462.000000 15.197735 NONE
42.000000 462.000000 15.216509 NONE
42.000000 462.000000 15.230818 NONE
42.000000 462.000000 15.247970 NONE
42.000000 462.000000 15.264402 NONE
42.000000 462.000000 15.280802 NONE
42.000000 462.000000 15.297953 NONE
42.000000 462.000000 15.315699 NONE
42.000000 453.000000 15.331901 NONE
42.000000 422.000000 15.348395 NONE
41.000000 375.000000 15.365438 NONE
41.000000 309.000000 15.381846 NONE
41.000000 218.000000 15.397803 NONE
41.000000 133.000000 15.414168 NONE
43.000000 81.000000 15.431173 NONE
47.000000 46.000000 15.447572 NONE
50.000000 10.000000 15.465710 NONE
51.000000 -2.000000 15.481581 NONE
51.000000 -8.000000 15.500523 NONE
51.000000 -10.000000 15.514804 NONE
51.000000 -10.000000 15.528593 NONE
51.000000 -10.000000 15.547884 NONE
50.000000 -10.000000 15.563939 NONE
47.000000 -10.000000 15.581987 NONE
45.000000 -11.000000 15.598886 NONE
43.000000 -12.000000 15.614862 NONE
40.000000 -13.000000 15.631088 NONE
37.000000 -13.000000 15.648090 NONE
33.000000 -13.000000 15.665005 NONE
31.000000 -13.000000 15.681329 NONE
30.000000 -13.000000 15.698307 NONE
27.000000 -13.000000 15.715685 NONE
25.000000 -13.000000 15.731475 NONE
24.000000 -13.000000 15.748102 NONE
22.000000 -13.000000 15.764794 NONE
19.000000 -13.000000 15.782223 NONE
17.000000 -13.000000 15.799412 NONE
15.000000 -14.000000 15.815114 NONE
13.000000 -14.000000 15.832439 NONE
11.000000 -14.000000 15.848737 NONE
10.000000 -14.000000 15.864270 NONE
10.000000 -14.000000 15.881488 NONE
10.000000 -14.000000 15.898063 NONE
10.000000 -14.000000 15.914068 NONE
10.000000 -14.000000 15.931342 NONE
10.000000 -14.000000 15.948281 NONE
10.000000 -14.000000 15.964828 NONE
10.000000 -14.000000 15.981359 NONE
10.000000 -14.000000 15.997478 NONE
10.000000 -14.000000 16.015151 NONE
10.000000 -14.000000 16.031519 NONE
10.000000 -14.000000 16.048872 NONE
10.000000 -14.000000 16.067981 NONE
